entrance (outside)
[0.8292363443747486, 0.02098473835564918, -0.00014065558982173467]
door_entrance
[1.7977010250528886, 0.02275007063651846, -3.1194610808571537]
HEARTS table
[-0.7522385031662748, -0.9696086079743322, -1.552182676754018]
entrance(inside)
[2.884932556208321, 0.1008698645753563, -3.051244642416027]
centre_stage
[-1.7139312122350903, -0.34560537111528267, -3.0371512804283958]
origin
[0, 0, 0]
work_station
[-0.6474316421955966, -1.0781475607853857, 1.4336785168439867]
hallway
[4.14104915651893, -0.5841932336834992, -1.5254542549704238]
doctor_lead
[7.104140033990478, 1.3584346489371195, -3.0702930102646366]
bed_parcel
[6.680756120098137, -1.6816120220113953, -0.579831351652748]
plumber_lead
[4.447919653323717, -2.417463315321872, 1.994213708741143]
plumber_watching
[4.264294016655788, -1.9130179666856886, 3.132421452316055]
kitchen_lead
[1.7186162182729643, 2.1420239454921193, 0.0859140269462302]

